2 3.48237874742444
3 2.16775688938134
4 2.11836664280808
5 2.11527776055037
6 2.10445352049145
7 1.94605903019062
8 1.93820952861447
9 1.92584169680393
10 1.69700690462959
11 1.50906191805157
12 1.5038199570883
13 1.45609411226915
14 1.45560473920989
15 1.38022331014611
16 1.37860666261303
17 1.12140221742808
18 0.987878122202287
19 0.917841411700431
20 0.859477919393471
21 0.74512419307631
22 0.711323636048845
23 0.671835310500872
24 0.613820800363914
25 0.565524668470217
26 0.529968392278644
27 0.518318285176507
28 0.500672713870191
29 0.430843215535595
30 0.398129327172854
31 0.389991903285923
32 0.368686552874018
33 0.300137037963336
34 0.296113909377259
35 0.278043021713974
36 0.276955293307378
37 0.261204626539599
38 0.260416191919016
39 0.238785933035206
40 0.232003991619194
41 0.216501637917076
42 0.212429296450768
43 0.211684575493311
44 0.208525963800643
45 0.190408906072784
46 0.187880255043395
47 0.165933643708607
48 0.165079274292111
49 0.160501895871592
50 0.159781264301782
51 0.15549006232792
52 0.142349385618798
53 0.130059135444483
54 0.118785446585276
55 0.115219364060063
56 0.10746783268865
57 0.106765208458396
58 0.0906444924449312
59 0.0739943010597166
60 0.072946597548424
61 0.0667912773519106
62 0.0631736965756002
63 0.060472133011864
64 0.0582573392043204
65 0.0575776921331226
66 0.056606275620585
67 0.0554533507803123
68 0.0539636743448435
69 0.0532140782167358
70 0.0459490866916976
71 0.0420915770701233
72 0.038080802433758
73 0.0379661561781295
74 0.0268125773212775
75 0.0257195711295646
76 0.0204849085772798
77 0.0145597237400805
78 0.000788700461505254
79 0.000667621819044673
